-0.080669
-0.16564
-0.25523
-0.34938
-0.448
-0.55102
-0.65838
-0.76999
-0.88579
-1.0057
-1.1297
-1.2576
-1.3894
-1.5251
-1.6645
-1.8077
-1.9544
-2.1047
-2.2585
-2.4158
-2.5764
-2.7403
-2.9074
-3.0777
-3.2511
-3.4275
-3.607
-3.7893
-3.9745
-4.1625
-4.3533
-4.5467
-4.7427
-4.9414
-5.1425
-5.346
-5.552
-5.7603
-5.9709
-6.1837
-6.3986
-6.6158
-6.8349
-7.0561
-7.2793
-7.5044
-7.7314
-7.9602
-8.1908
-8.4231
-8.6571
-8.8927
-9.13
-9.3688
-9.6091
-9.8509
-10.094
-10.339
-10.585
-10.832
-11.08
-11.33
-11.581
-11.833
-12.087
-12.341
-12.596
-12.853
-13.11
-13.369
-13.628
-13.888
-14.15
-14.412
-14.674
-14.938
-15.202
-15.467
-15.733
-16
-16.267
-16.535
-16.803
-17.073
-17.342
-17.612
-17.883
-18.154
-18.426
-18.699
-18.971
-19.244
-19.518
-19.792
-20.066
-20.341
-20.616
-20.892
-21.168
-21.444
-21.72
-21.997
-22.273
-22.551
-22.828
-23.105
-23.383
-23.661
-23.939
-24.217
-24.496
-24.774
-25.053
-25.331
-25.61
-25.889
-26.168
-26.446
-26.725
-27.004
-27.283
-27.562
-27.84
-28.119
-28.398
-28.676
-28.955
-29.233
-29.511
-29.79
-30.067
-30.345
-30.623
-30.9
-31.178
-31.455
-31.732
-32.008
-32.285
-32.561
-32.837
-33.112
-33.387
-33.663
-33.937
-34.212
-34.486
-34.76
-35.033
-35.306
-35.579
-35.852
-36.124
-36.396
-36.667
-36.938
-37.208
-37.479
-37.749
-38.018
-38.287
-38.556
-38.824
-39.091
-39.359
-39.626
-39.892
-40.158
-40.424
-40.689
-40.953
-41.217
-41.481
-41.744
-42.007
-42.27
-42.531
-42.793
-43.053
-43.314
-43.574
-43.833
-44.092
-44.35
-44.608
-44.866
-45.122
-45.379
-45.634
-45.89
-46.145
-46.399
-46.653
-46.906
-47.158
-47.411
-47.662
-47.913
-48.164
-48.414
-48.663
-48.912
-49.16
-49.408
-49.655
-49.902
-50.148
-50.394
-50.639
-50.883
-51.127
-51.371
-51.613
-51.856
-52.097
-52.339
-52.579
-52.819
-53.059
-53.297
-53.536
-53.773
-54.011
-54.247
-54.483
-54.719
-54.954
-55.188
-55.422
-55.655
-55.888
-56.12
-56.352
-56.583
-56.813
-57.043
-57.273
-57.502
-57.73
-57.958
-58.185
-58.412
-58.638
-58.863
-59.088
-59.313
-59.537
-59.76
-59.983
-60.206
-60.428
-60.649
-60.87
-61.09
-61.31
-61.529
-61.748
-61.966
-62.184
-62.401
-62.618
-62.835
-63.05
-63.266
-63.48
-63.695
-63.909
-64.122
-64.335
-64.547
-64.759
-64.971
-65.182
-65.392
-65.602
-65.812
-66.021
-66.229
-66.438
-66.646
-66.853
-67.06
-67.266
-67.472
-67.678
-67.883
-68.088
-68.292
-68.496
-68.7
-68.903
-69.105
-69.308
-69.51
-69.711
-69.912
-70.113
-70.313
-70.513
-70.712
-70.912
-71.11
-71.309
-71.507
-71.705
-71.902
-72.099
-72.295
-72.492
-72.687
-72.883
-73.078
-73.273
-73.468
-73.662
-73.856
-74.049
-74.242
-74.435
-74.628
-74.82
-75.012
-75.204
-75.395
-75.586
-75.777
-75.968
-76.158
-76.348
-76.537
-76.727
-76.916
-77.105
-77.293
-77.481
-77.669
-77.857
-78.045
-78.232
-78.419
-78.605
-78.792
-78.978
-79.164
-79.35
-79.535
-79.721
-79.906
-80.09
-80.275
-80.459
-80.643
-80.827
-81.011
-81.194
-81.378
-81.561
-81.744
-81.926
-82.108
-82.291
-82.473
-82.654
-82.836
-83.017
-83.198
-83.379
-83.56
-83.741
-83.921
-84.101
-84.281
-84.461
-84.641
-84.82
-84.999
-85.178
-85.357
-85.536
-85.714
-85.893
-86.071
-86.249
-86.427
-86.604
-86.781
-86.959
-87.136
-87.313
-87.489
-87.666
-87.842
-88.018
-88.194
-88.37
-88.546
-88.721
-88.896
-89.071
-89.246
-89.421
-89.596
-89.77
-89.944
-90.118
-90.292
-90.466
-90.639
-90.813
-90.986
-91.159
-91.332
-91.504
-91.677
-91.849
-92.021
-92.193
-92.365
-92.536
-92.708
-92.879
-93.05
-93.221
-93.392
-93.562
-93.733
-93.903
-94.073
-94.243
-94.412
-94.582
-94.751
-94.92
-95.089
-95.258
-95.426
-95.594
-95.763
-95.931
-96.098
-96.266
-96.433
-96.601
-96.768
-96.935
-97.101
-97.268
-97.434
-97.6
-97.766
-97.932
-98.097
-98.262
-98.428
-98.593
-98.757
-98.922
-99.086
-99.25
-99.414
-99.578
-99.741
-99.905
-100.07
-100.23
-100.39
-100.56
-100.72
-100.88
-101.04
-101.2
-101.37
-101.53
-101.69
-101.85
-102.01
-102.17
-102.33
-102.49
-102.65
-102.81
-102.97
-103.13
-103.29
-103.44
-103.6
-103.76
-103.92
-104.08
-104.23
-104.39
-104.55
-104.7
-104.86
-105.02
-105.17
-105.33
-105.48
-105.64
-105.79
-105.95
-106.1
-106.26
-106.41
-106.57
-106.72
-106.87
-107.03
-107.18
-107.33
-107.48
-107.64
-107.79
-107.94
-108.09
-108.24
-108.39
-108.54
-108.69
-108.84
-108.99
-109.14
-109.29
-109.44
-109.59
-109.73
-109.88
-110.03
-110.18
-110.32
-110.47
-110.62
-110.76
-110.91
-111.06
-111.2
-111.35
-111.49
-111.64
-111.78
-111.92
-112.07
-112.21
-112.35
-112.5
-112.64
-112.78
-112.92
-113.06
-113.2
-113.34
-113.49
-113.63
-113.77
-113.9
-114.04
-114.18
-114.32
-114.46
-114.6
-114.74
-114.87
-115.01
-115.15
-115.28
-115.42
-115.55
-115.69
-115.82
-115.96
-116.09
-116.23
-116.36
-116.49
-116.63
-116.76
-116.89
-117.02
-117.16
-117.29
-117.42
-117.55
-117.68
-117.81
-117.94
-118.07
-118.2
-118.32
-118.45
-118.58
-118.71
-118.84
-118.96
-119.09
-119.21
-119.34
-119.47
-119.59
-119.72
-119.84
-119.96
-120.09
-120.21
-120.33
-120.46
-120.58
-120.7
-120.82
-120.94
-121.06
-121.18
-121.3
-121.42
-121.54
-121.66
-121.78
-121.9
-122.02
-122.13
-122.25
-122.37
-122.48
-122.6
-122.72
-122.83
-122.95
-123.06
-123.18
-123.29
-123.4
-123.52
-123.63
-123.74
-123.85
-123.97
-124.08
-124.19
-124.3
-124.41
-124.52
-124.63
-124.74
-124.85
-124.96
-125.07
-125.17
-125.28
-125.39
-125.5
-125.6
-125.71
-125.82
-125.92
-126.03
-126.13
-126.24
-126.34
-126.45
-126.55
-126.65
-126.76
-126.86
-126.96
-127.06
-127.17
-127.27
-127.37
-127.47
-127.57
-127.67
-127.77
-127.87
-127.97
-128.07
-128.17
-128.27
-128.37
-128.46
-128.56
-128.66
-128.76
-128.85
-128.95
-129.04
-129.14
-129.24
-129.33
-129.43
-129.52
-129.62
-129.71
-129.8
-129.9
-129.99
-130.08
-130.18
-130.27
-130.36
-130.45
-130.55
-130.64
-130.73
-130.82
-130.91
-131
-131.09
-131.18
-131.27
-131.36
-131.45
-131.54
-131.62
-131.71
-131.8
-131.89
-131.98
-132.06
-132.15
-132.24
-132.32
-132.41
-132.49
-132.58
-132.66
-132.75
-132.83
-132.92
-133
-133.09
-133.17
-133.25
-133.34
-133.42
-133.5
-133.58
-133.66
-133.75
-133.83
-133.91
-133.99
-134.07
-134.15
-134.23
-134.31
-134.39
-134.47
-134.55
-134.62
-134.7
-134.78
-134.86
-134.93
-135.01
-135.09
-135.16
-135.24
-135.32
-135.39
-135.47
-135.54
-135.61
-135.69
-135.76
-135.83
-135.91
-135.98
-136.05
-136.12
-136.2
-136.27
-136.34
-136.41
-136.48
-136.55
-136.62
-136.69
-136.76
-136.82
-136.89
-136.96
-137.03
-137.09
-137.16
-137.23
-137.29
-137.36
-137.42
-137.49
-137.55
-137.62
-137.68
-137.74
-137.8
-137.87
-137.93
-137.99
-138.05
-138.11
-138.17
-138.23
-138.29
-138.35
-138.41
-138.47
-138.53
-138.58
-138.64
-138.7
-138.75
-138.81
-138.86
-138.92
-138.97
-139.03
-139.08
-139.13
-139.19
-139.24
-139.29
-139.34
-139.39
-139.45
-139.5
-139.55
-139.6
-139.65
-139.69
-139.74
-139.79
-139.84
-139.89
-139.93
-139.98
-140.03
-140.07
-140.12
-140.16
-140.21
-140.25
-140.29
-140.34
-140.38
-140.42
-140.47
-140.51
-140.55
-140.59
-140.63
-140.67
-140.71
-140.75
-140.79
-140.83
-140.87
-140.91
-140.95
-140.99
-141.03
-141.06
-141.1
-141.14
-141.17
-141.21
-141.25
-141.28
-141.32
-141.35
-141.39
-141.42
-141.46
-141.49
-141.53
-141.56
-141.6
-141.63
-141.66
-141.7
-141.73
-141.76
-141.8
-141.83
-141.86
-141.89
-141.92
-141.96
-141.99
-142.02
-142.05
-142.08
-142.11
-142.15
-142.18
-142.21
-142.24
-142.27
-142.3
-142.33
-142.36
-142.39
-142.42
-142.45
-142.48
-142.51
-142.54
-142.57
-142.6
-142.63
-142.65
-142.68
-142.71
-142.74
-142.77
-142.8
-142.83
-142.85
-142.88
-142.91
-142.94
-142.97
-142.99
-143.02
-143.05
-143.08
-143.1
-143.13
-143.16
-143.19
-143.21
-143.24
-143.27
-143.29
-143.32
-143.34
-143.37
-143.39
-143.42
-143.45
-143.47
-143.49
-143.52
-143.54
-143.57
-143.59
-143.61
-143.64
-143.66
-143.68
-143.71
-143.73
-143.75
-143.77
-143.79
-143.81
-143.83
-143.85
-143.87
-143.89
-143.91
-143.93
-143.95
-143.96
-143.98
-144
-144.01
-144.03
-144.05
-144.06
-144.07
-144.09
-144.1
-144.11
-144.13
-144.14
-144.15
-144.16
-144.17
-144.18
-144.18
-144.19
-144.2
-144.21
-144.21
-144.22
-144.22
-144.22
-144.23
-144.23
-144.23
-144.23
-144.23
-144.23
-144.23
-144.22
-144.22
-144.22
-144.21
-144.2
-144.2
-144.19
-144.18
-144.17
-144.16
-144.15
-144.14
-144.13
-144.11
-144.1
-144.08
-144.06
-144.05
-144.03
-144.01
-143.99
-143.97
-143.95
-143.92
-143.9
-143.87
-143.85
-143.82
-143.79
-143.77
-143.74
-143.71
-143.68
-143.64
-143.61
-143.58
-143.54
-143.51
-143.47
-143.43
-143.4
-143.36
-143.32
-143.28
-143.24
-143.2
-143.15
-143.11
-143.07
-143.02
-142.98
-142.93
-142.89
-142.84
-142.79
-142.74
-142.69
-142.64
-142.59
-142.54
-142.49
-142.44
-142.39
-142.34
-142.29
-142.23
-142.18
-142.13
-142.07
-142.02
-141.96
-141.91
-141.85
-141.8
-141.75
-141.69
-141.63
-141.58
-141.52
-141.47
-141.41
-141.36
-141.3
-141.25
-141.19
-141.14
-141.09
-141.03
-140.98
-140.92
-140.87
-140.82
-140.76
-140.71
-140.66
-140.61
-140.55
-140.5
-140.45
-140.4
-140.35
-140.3
-140.25
-140.2
-140.16
-140.11
-140.06
-140.02
-139.97
-139.92
-139.88
-139.83
-139.79
-139.75
-139.7
-139.66
-139.62
-139.58
-139.54
-139.5
-139.46
-139.42
-139.38
-139.34
-139.3
-139.27
-139.23
-139.19
-139.16
-139.12
-139.09
-139.05
-139.02
-138.99
-138.95
-138.92
-138.89
-138.85
-138.82
-138.79
-138.76
-138.72
-138.69
-138.66
-138.63
-138.6
-138.56
-138.53
-138.5
-138.47
-138.44
-138.4
-138.37
-138.34
-138.31
-138.27
-138.24
-138.2
-138.17
-138.13
-138.1
-138.06
-138.03
-137.99
-137.95
-137.91
-137.87
-137.83
-137.79
-137.75
-137.7
-137.66
-137.61
-137.57
-137.52
-137.47
-137.42
-137.37
-137.32
-137.27
-137.21
-137.15
-137.1
-137.04
-136.98
-136.92
-136.85
-136.79
-136.72
-136.65
-136.58
-136.51
-136.43
-136.36
-136.28
-136.2
-136.12
-136.03
-135.95
-135.86
-135.77
-135.68
-135.58
-135.48
-135.39
-135.29
-135.18
-135.08
-134.97
-134.86
-134.75
-134.63
-134.52
-134.4
-134.27
-134.15
-134.02
-133.89
-133.76
-133.63
-133.49
-133.36
-133.22
-133.07
-132.93
-132.78
-132.63
-132.48
-132.32
-132.17
-132.01
-131.85
-131.68
-131.52
-131.35
-131.18
-131.01
-130.83
-130.66
-130.48
-130.3
-130.12
-129.94
-129.75
-129.57
-129.38
-129.19
-129
-128.81
-128.61
-128.42
-128.22
-128.03
-127.83
-127.63
-127.43
-127.23
-127.03
-126.83
-126.63
-126.42
-126.22
-126.02
-125.82
-125.62
-125.41
-125.21
-125.01
-124.81
-124.61
-124.41
-124.21
-124.01
-123.82
-123.62
-123.43
-123.23
-123.04
-122.85
-122.66
-122.48
-122.29
-122.11
-121.92
-121.74
-121.57
-121.39
-121.22
-121.05
-120.88
-120.71
-120.55
-120.39
-120.23
-120.07
-119.92
-119.77
-119.62
-119.48
-119.34
-119.2
-119.06
-118.92
-118.79
-118.67
-118.54
-118.42
-118.3
-118.18
-118.06
-117.95
-117.84
-117.74
-117.63
-117.53
-117.43
-117.33
-117.24
-117.15
-117.06
-116.97
-116.88
-116.8
-116.72
-116.64
-116.56
-116.48
-116.41
-116.34
-116.26
-116.19
-116.12
-116.06
-115.99
-115.92
-115.86
-115.8
-115.73
-115.67
-115.61
-115.55
-115.49
-115.43
-115.37
-115.31
-115.25
-115.18
-115.12
-115.06
-115
-114.94
-114.88
-114.82
-114.75
-114.69
-114.63
-114.56
-114.49
-114.43
-114.36
-114.29
-114.22
-114.14
-114.07
-113.99
-113.91
-113.84
-113.75
-113.67
-113.59
-113.5
-113.41
-113.32
-113.23
-113.13
-113.03
-112.93
-112.83
-112.72
-112.61
-112.5
-112.39
-112.27
-112.16
-112.03
-111.91
-111.78
-111.65
-111.51
-111.38
-111.24
-111.09
-110.95
-110.8
-110.64
-110.48
-110.32
-110.16
-109.99
-109.82
-109.65
-109.47
-109.29
-109.1
-108.91
-108.72
-108.52
-108.33
-108.12
-107.92
-107.71
-107.49
-107.27
-107.05
-106.83
-106.6
-106.37
-106.14
-105.9
-105.66
-105.41
-105.17
-104.92
-104.66
-104.4
-104.15
-103.88
-103.62
-103.35
-103.08
-102.81
-102.53
-102.25
-101.97
-101.69
-101.4
-101.12
-100.83
-100.54
-100.25
-99.956
-99.662
-99.367
-99.071
-98.775
-98.478
-98.18
-97.882
-97.584
-97.287
-96.989
-96.692
-96.396
-96.101
-95.807
-95.514
-95.222
-94.933
-94.645
-94.36
-94.077
-93.797
-93.519
-93.245
-92.974
-92.706
-92.442
-92.182
-91.926
-91.674
-91.427
-91.184
-90.947
-90.714
-90.487
-90.264
-90.048
-89.837
-89.631
-89.431
-89.237
-89.049
-88.867
-88.691
-88.521
-88.357
-88.199
-88.047
-87.901
-87.76
-87.626
-87.497
-87.374
-87.256
-87.144
-87.037
-86.935
-86.838
-86.746
-86.659
-86.576
-86.497
-86.422
-86.352
-86.285
-86.221
-86.161
-86.104
-86.049
-85.998
-85.949
-85.902
-85.858
-85.815
-85.774
-85.735
-85.697
-85.66
-85.624
-85.589
-85.555
-85.521
-85.487
-85.454
-85.421
-85.388
-85.355
-85.321
-85.287
-85.253
-85.218
-85.182
-85.145
-85.108
-85.069
-85.029
-84.988
-84.946
-84.902
-84.857
-84.81
-84.762
-84.712
-84.66
-84.606
-84.551
-84.493
-84.433
-84.372
-84.308
-84.242
-84.174
-84.103
-84.03
-83.955
-83.877
-83.797
-83.714
-83.628
-83.539
-83.448
-83.354
-83.257
-83.157
-83.054
-82.948
-82.839
-82.727
-82.612
-82.493
-82.371
-82.246
-82.118
-81.986
-81.851
-81.712
-81.57
-81.424
-81.275
-81.122
-80.966
-80.806
-80.642
-80.475
-80.305
-80.13
-79.952
-79.771
-79.586
-79.397
-79.205
-79.01
-78.811
-78.608
-78.402
-78.193
-77.98
-77.765
-77.546
-77.324
-77.099
-76.87
-76.639
-76.406
-76.169
-75.93
-75.688
-75.443
-75.196
-74.947
-74.696
-74.443
-74.187
-73.93
-73.67
-73.41
-73.147
-72.883
-72.618
-72.351
-72.084
-71.815
-71.546
-71.276
-71.005
-70.734
-70.463
-70.191
-69.92
-69.648
-69.378
-69.107
-68.838
-68.569
-68.301
-68.035
-67.77
-67.507
-67.246
-66.987
-66.73
-66.476
-66.225
-65.977
-65.733
-65.492
-65.255
-65.023
-64.795
-64.571
-64.353
-64.14
-63.932
-63.73
-63.535
-63.345
-63.162
-62.985
-62.815
-62.652
-62.496
-62.347
-62.205
-62.071
-61.943
-61.823
-61.71
-61.604
-61.505
-61.413
-61.328
-61.249
-61.176
-61.11
-61.05
-60.995
-60.945
-60.901
-60.861
-60.826
-60.795
-60.768
-60.744
-60.724
-60.707
-60.692
-60.679
-60.669
-60.661
-60.653
-60.648
-60.643
-60.639
-60.635
-60.632
-60.629
-60.626
-60.623
-60.62
-60.616
-60.611
-60.606
-60.6
-60.592
-60.584
-60.575
-60.564
-60.552
-60.539
-60.524
-60.508
-60.49
-60.47
-60.449
-60.426
-60.401
-60.375
-60.347
-60.316
-60.284
-60.25
-60.214
-60.176
-60.136
-60.094
-60.049
-60.003
-59.954
-59.903
-59.849
-59.794
-59.736
-59.675
-59.612
-59.547
-59.479
-59.408
-59.335
-59.259
-59.18
-59.099
-59.015
-58.928
-58.838
-58.745
-58.649
-58.55
-58.448
-58.343
-58.235
-58.124
-58.009
-57.891
-57.77
-57.646
-57.518
-57.387
-57.252
-57.114
-56.973
-56.829
-56.681
-56.529
-56.375
-56.217
-56.056
-55.891
-55.724
-55.553
-55.379
-55.203
-55.023
-54.84
-54.655
-54.466
-54.275
-54.082
-53.886
-53.688
-53.488
-53.285
-53.081
-52.874
-52.666
-52.456
-52.245
-52.032
-51.818
-51.603
-51.387
-51.17
-50.952
-50.734
-50.515
-50.296
-50.077
-49.857
-49.638
-49.419
-49.2
-48.981
-48.763
-48.546
-48.329
-48.113
-47.899
-47.686
-47.474
-47.264
-47.055
-46.849
-46.644
-46.442
-46.242
-46.045
-45.85
-45.659
-45.471
-45.287
-45.106
-44.929
-44.757
-44.589
-44.426
-44.268
-44.116
-43.969
-43.827
-43.692
-43.563
-43.44
-43.323
-43.214
-43.111
-43.015
-42.926
-42.843
-42.768
-42.699
-42.638
-42.582
-42.534
-42.491
-42.455
-42.425
-42.4
-42.38
-42.366
-42.356
-42.35
-42.349
-42.351
-42.356
-42.365
-42.376
-42.389
-42.404
-42.421
-42.44
-42.459
-42.479
-42.5
-42.521
-42.542
-42.563
-42.584
-42.604
-42.624
-42.643
-42.661
-42.677
-42.693
-42.707
-42.72
-42.732
-42.742
-42.751
-42.758
-42.763
-42.766
-42.768
-42.768
-42.766
-42.762
-42.757
-42.749
-42.739
-42.728
-42.714
-42.699
-42.681
-42.661
-42.639
-42.615
-42.589
-42.56
-42.529
-42.496
-42.461
-42.423
-42.383
-42.341
-42.297
-42.25
-42.2
-42.148
-42.094
-42.037
-41.978
-41.916
-41.851
-41.784
-41.714
-41.642
-41.567
-41.49
-41.409
-41.326
-41.24
-41.152
-41.06
-40.966
-40.869
-40.769
-40.666
-40.56
-40.451
-40.34
-40.225
-40.108
-39.987
-39.864
-39.738
-39.609
-39.477
-39.342
-39.204
-39.064
-38.921
-38.776
-38.628
-38.477
-38.324
-38.169
-38.012
-37.852
-37.691
-37.527
-37.362
-37.196
-37.028
-36.859
-36.689
-36.517
-36.345
-36.172
-35.999
-35.825
-35.651
-35.477
-35.303
-35.13
-34.957
-34.784
-34.612
-34.44
-34.27
-34.101
-33.932
-33.765
-33.6
-33.436
-33.274
-33.113
-32.954
-32.797
-32.643
-32.49
-32.34
-32.192
-32.047
-31.905
-31.766
-31.63
-31.497
-31.367
-31.241
-31.119
-31.001
-30.887
-30.778
-30.673
-30.573
-30.478
-30.388
-30.303
-30.224
-30.15
-30.083
-30.021
-29.964
-29.914
-29.87
-29.832
-29.799
-29.772
-29.751
-29.735
-29.725
-29.719
-29.719
-29.723
-29.731
-29.743
-29.759
-29.778
-29.801
-29.825
-29.853
-29.882
-29.913
-29.946
-29.979
-30.014
-30.049
-30.085
-30.12
-30.155
-30.19
-30.225
-30.259
-30.292
-30.324
-30.354
-30.384
-30.412
-30.439
-30.464
-30.488
-30.51
-30.53
-30.548
-30.565
-30.579
-30.592
-30.603
-30.612
-30.618
-30.623
-30.626
-30.626
-30.624
-30.62
-30.614
-30.606
-30.596
-30.583
-30.568
-30.551
-30.531
-30.51
-30.485
-30.459
-30.43
-30.399
-30.366
-30.331
-30.293
-30.252
-30.21
-30.165
-30.118
-30.069
-30.017
-29.964
-29.908
-29.849
-29.789
-29.726
-29.661
-29.594
-29.525
-29.453
-29.38
-29.304
-29.226
-29.146
-29.063
-28.978
-28.891
-28.802
-28.711
-28.617
-28.521
-28.423
-28.322
-28.22
-28.115
-28.007
-27.898
-27.786
-27.672
-27.556
-27.438
-27.317
-27.195
-27.071
-26.945
-26.817
-26.688
-26.557
-26.425
-26.291
-26.156
-26.021
-25.885
-25.748
-25.61
-25.473
-25.335
-25.197
-25.06
-24.923
-24.786
-24.651
-24.516
-24.382
-24.249
-24.118
-23.988
-23.86
-23.733
-23.608
-23.485
-23.364
-23.244
-23.127
-23.012
-22.899
-22.789
-22.68
-22.575
-22.471
-22.371
-22.272
-22.177
-22.085
-21.995
-21.909
-21.825
-21.745
-21.669
-21.596
-21.527
-21.461
-21.4
-21.342
-21.289
-21.241
-21.196
-21.157
-21.121
-21.091
-21.065
-21.044
-21.028
-21.016
-21.008
-21.005
-21.007
-21.012
-21.022
-21.035
-21.052
-21.072
-21.094
-21.12
-21.148
-21.179
-21.211
-21.245
-21.28
-21.316
-21.353
-21.391
-21.428
-21.466
-21.504
-21.542
-21.579
-21.615
-21.65
-21.685
-21.718
-21.75
-21.78
-21.81
-21.837
-21.863
-21.888
-21.91
-21.931
-21.95
-21.967
-21.982
-21.995
-22.007
-22.016
-22.023
-22.028
-22.03
-22.031
-22.03
-22.026
-22.02
-22.012
-22.002
-21.99
-21.975
-21.958
-21.939
-21.918
-21.895
-21.869
-21.842
-21.812
-21.78
-21.746
-21.71
-21.672
-21.632
-21.59
-21.547
-21.501
-21.454
-21.404
-21.354
-21.301
-21.247
-21.191
-21.133
-21.074
-21.014
-20.951
-20.888
-20.823
-20.756
-20.688
-20.619
-20.548
-20.475
-20.401
-20.326
-20.249
-20.17
-20.09
-20.009
-19.925
-19.84
-19.754
-19.665
-19.576
-19.484
-19.391
-19.296
-19.2
-19.102
-19.002
-18.902
-18.8
-18.697
-18.592
-18.487
-18.382
-18.275
-18.168
-18.061
-17.954
-17.847
-17.74
-17.634
-17.528
-17.423
-17.319
-17.216
-17.114
-17.014
-16.916
-16.818
-16.723
-16.629
-16.538
-16.448
-16.36
-16.274
-16.191
-16.109
-16.029
-15.952
-15.876
-15.803
-15.732
-15.663
-15.596
-15.531
-15.468
-15.408
-15.35
-15.294
-15.24
-15.189
-15.141
-15.095
-15.052
-15.012
-14.974
-14.94
-14.908
-14.88
-14.855
-14.833
-14.815
-14.8
-14.789
-14.781
-14.776
-14.775
-14.777
-14.783
-14.791
-14.803
-14.818
-14.835
-14.855
-14.877
-14.901
-14.927
-14.955
-14.984
-15.014
-15.046
-15.078
-15.111
-15.144
-15.177
-15.21
-15.243
-15.275
-15.307
-15.338
-15.368
-15.398
-15.426
-15.452
-15.478
-15.502
-15.525
-15.546
-15.565
-15.583
-15.599
-15.614
-15.626
-15.637
-15.646
-15.653
-15.658
-15.661
-15.662
-15.661
-15.659
-15.654
-15.647
-15.639
-15.628
-15.615
-15.601
-15.584
-15.566
-15.545
-15.523
-15.499
-15.473
-15.445
-15.415
-15.384
-15.351
-15.317
-15.281
-15.243
-15.204
-15.164
-15.123
-15.08
-15.036
-14.991
-14.945
-14.898
-14.849
-14.8
-14.75
-14.7
-14.648
-14.596
-14.543
-14.489
-14.434
-14.378
-14.322
-14.265
-14.207
-14.147
-14.087
-14.026
-13.964
-13.901
-13.837
-13.771
-13.704
-13.636
-13.567
-13.496
-13.424
-13.351
-13.276
-13.201
-13.124
-13.046
-12.968
-12.889
-12.809
-12.729
-12.648
-12.567
-12.487
-12.406
-12.326
-12.247
-12.168
-12.091
-12.014
-11.939
-11.865
-11.793
-11.722
-11.653
-11.585
-11.52
-11.456
-11.394
-11.334
-11.276
-11.22
-11.165
-11.113
-11.062
-11.012
-10.965
-10.919
-10.874
-10.831
-10.79
-10.75
-10.711
-10.674
-10.638
-10.604
-10.571
-10.54
-10.51
-10.482
-10.455
-10.431
-10.408
-10.387
-10.368
-10.351
-10.337
-10.324
-10.314
-10.307
-10.301
-10.299
-10.298
-10.301
-10.305
-10.312
-10.321
-10.333
-10.346
-10.362
-10.379
-10.398
-10.418
-10.44
-10.463
-10.487
-10.512
-10.537
-10.563
-10.589
-10.615
-10.641
-10.667
-10.692
-10.717
-10.741
-10.765
-10.787
-10.809
-10.829
-10.849
-10.867
-10.883
-10.899
-10.913
-10.925
-10.937
-10.946
-10.954
-10.96
-10.965
-10.968
-10.97
-10.969
-10.967
-10.964
-10.958
-10.951
-10.942
-10.932
-10.92
-10.906
-10.89
-10.873
-10.855
-10.835
-10.813
-10.79
-10.765
-10.74
-10.712
-10.684
-10.655
-10.624
-10.592
-10.56
-10.526
-10.492
-10.457
-10.421
-10.385
-10.349
-10.311
-10.274
-10.236
-10.197
-10.159
-10.12
-10.08
-10.041
-10.001
-9.9613
-9.9209
-9.8802
-9.8391
-9.7975
-9.7554
-9.7126
-9.6692
-9.6251
-9.5801
-9.5342
-9.4874
-9.4395
-9.3905
-9.3405
-9.2893
-9.237
-9.1836
-9.1292
-9.0737
-9.0172
-8.96
-8.902
-8.8434
-8.7844
-8.7251
-8.6657
-8.6063
-8.5472
-8.4886
-8.4306
-8.3734
-8.3171
-8.262
-8.2081
-8.1556
-8.1046
-8.0551
-8.0074
-7.9612
-7.9169
-7.8742
-7.8332
-7.794
-7.7563
-7.7203
-7.6859
-7.6528
-7.6212
-7.5908
-7.5617
-7.5337
-7.5067
-7.4807
-7.4556
-7.4314
-7.4079
-7.3851
-7.363
-7.3416
-7.3209
-7.3009
-7.2816
-7.2631
-7.2454
-7.2285
-7.2126
-7.1977
-7.184
-7.1715
-7.1602
-7.1504
-7.1421
-7.1353
-7.1302
-7.1267
-7.125
-7.1251
-7.127
-7.1306
-7.136
-7.1432
-7.152
-7.1623
-7.1742
-7.1875
-7.2021
-7.2178
-7.2346
-7.2522
-7.2706
-7.2896
-7.309
-7.3288
-7.3486
-7.3685
-7.3883
-7.4078
-7.427
-7.4456
-7.4637
-7.4811
-7.4977
-7.5135
-7.5283
-7.5421
-7.5548
-7.5664
-7.5768
-7.586
-7.594
-7.6006
-7.606
-7.61
-7.6126
-7.6138
-7.6137
-7.6121
-7.6091
-7.6047
-7.5989
-7.5917
-7.5831
-7.5731
-7.5618
-7.5491
-7.5351
-7.5199
-7.5034
-7.4858
-7.467
-7.4471
-7.4263
-7.4044
-7.3817
-7.3581
-7.3338
-7.3088
-7.2833
-7.2572
-7.2306
-7.2037
-7.1765
-7.1491
-7.1216
-7.0939
-7.0662
-7.0385
-7.0109
-6.9834
-6.9559
-6.9286
-6.9014
-6.8742
-6.8471
-6.82
-6.7928
-6.7656
-6.7381
-6.7104
-6.6823
-6.6538
-6.6247
-6.5949
-6.5644
-6.533
-6.5007
-6.4674
-6.433
-6.3976
-6.3611
-6.3234
-6.2847
-6.245
-6.2043
-6.1627
-6.1205
-6.0776
-6.0342
-5.9906
-5.9469
-5.9033
-5.8599
-5.817
-5.7747
-5.7333
-5.6928
-5.6534
-5.6153
-5.5786
-5.5433
-5.5095
-5.4773
-5.4467
-5.4177
-5.3902
-5.3643
-5.34
-5.317
-5.2954
-5.2751
-5.2559
-5.2378
-5.2207
-5.2044
-5.1888
-5.1739
-5.1595
-5.1455
-5.1319
-5.1185
-5.1054
-5.0925
-5.0797
-5.067
-5.0544
-5.042
-5.0298
-5.0177
-5.006
-4.9946
-4.9836
-4.9731
-4.9633
-4.9541
-4.9458
-4.9384
-4.932
-4.9267
-4.9226
-4.9198
-4.9182
-4.9181
-4.9193
-4.9219
-4.9258
-4.9312
-4.9378
-4.9457
-4.9548
-4.965
-4.9762
-4.9883
-5.0012
-5.0148
-5.029
-5.0436
-5.0585
-5.0736
-5.0888
-5.104
-5.1189
-5.1337
-5.148
-5.1619
-5.1753
-5.1881
-5.2001
-5.2114
-5.2219
-5.2314
-5.2401
-5.2478
-5.2544
-5.26
-5.2646
-5.268
-5.2703
-5.2715
-5.2715
-5.2704
-5.2681
-5.2646
-5.2599
-5.2541
-5.2472
-5.2391
-5.2299
-5.2197
-5.2084
-5.196
-5.1827
-5.1685
-5.1533
-5.1374
-5.1207
-5.1032
-5.0852
-5.0666
-5.0474
-5.0279
-5.008
-4.9879
-4.9676
-4.9472
-4.9267
-4.9063
-4.8861
-4.866
-4.8461
-4.8265
-4.8072
-4.7883
-4.7697
-4.7515
-4.7336
-4.716
-4.6987
-4.6816
-4.6647
-4.6479
-4.631
-4.6141
-4.5969
-4.5794
-4.5614
-4.5428
-4.5236
-4.5035
-4.4826
-4.4607
-4.4377
-4.4136
-4.3884
-4.362
-4.3346
-4.306
-4.2765
-4.246
-4.2148
-4.1829
-4.1505
-4.1178
-4.085
-4.0522
-4.0197
-3.9876
-3.9561
-3.9254
-3.8957
-3.867
-3.8396
-3.8135
-3.7888
-3.7655
-3.7438
-3.7235
-3.7048
-3.6875
-3.6716
-3.6571
-3.6438
-3.6317
-3.6206
-3.6106
-3.6013
-3.5928
-3.5848
-3.5773
-3.5701
-3.5632
-3.5564
-3.5496
-3.5428
-3.5358
-3.5286
-3.5213
-3.5136
-3.5057
-3.4976
-3.4892
-3.4806
-3.4719
-3.4631
-3.4543
-3.4457
-3.4372
-3.4291
-3.4213
-3.4142
-3.4076
-3.4018
-3.3968
-3.3928
-3.3898
-3.3878
-3.3869
-3.3872
-3.3886
-3.3912
-3.3949
-3.3997
-3.4056
-3.4125
-3.4203
-3.4289
-3.4383
-3.4484
-3.459
-3.4701
-3.4816
-3.4933
-3.5051
-3.5169
-3.5287
-3.5404
-3.5518
-3.5628
-3.5735
-3.5836
-3.5932
-3.6022
-3.6105
-3.6181
-3.6249
-3.6309
-3.6361
-3.6404
-3.6438
-3.6463
-3.6478
-3.6484
-3.648
-3.6466
-3.6443
-3.641
-3.6367
-3.6315
-3.6253
-3.6182
-3.6102
-3.6013
-3.5916
-3.5811
-3.5698
-3.5578
-3.5452
-3.5319
-3.5181
-3.5039
-3.4892
-3.4742
-3.4589
-3.4435
-3.4279
-3.4124
-3.3969
-3.3815
-3.3663
-3.3514
-3.3368
-3.3226
-3.3088
-3.2956
-3.2828
-3.2706
-3.2589
-3.2476
-3.2369
-3.2266
-3.2167
-3.2072
-3.1978
-3.1886
-3.1794
-3.1701
-3.1606
-3.1508
-3.1404
-3.1295
-3.1177
-3.1052
-3.0916
-3.0771
-3.0614
-3.0445
-3.0264
-3.0072
-2.9868
-2.9654
-2.9429
-2.9195
-2.8954
-2.8707
-2.8456
-2.8202
-2.7947
-2.7694
-2.7445
-2.72
-2.6963
-2.6734
-2.6515
-2.6308
-2.6113
-2.5931
-2.5764
-2.561
-2.5471
-2.5346
-2.5235
-2.5138
-2.5053
-2.4979
-2.4917
-2.4864
-2.482
-2.4782
-2.4751
-2.4724
-2.47
-2.4679
-2.4658
-2.4636
-2.4613
-2.4587
-2.4558
-2.4525
-2.4488
-2.4445
-2.4397
-2.4344
-2.4286
-2.4223
-2.4156
-2.4085
-2.4011
-2.3935
-2.3858
-2.378
-2.3704
-2.3631
-2.356
-2.3494
-2.3434
-2.3381
-2.3335
-2.3297
-2.3269
-2.325
-2.324
-2.3242
-2.3253
-2.3274
-2.3306
-2.3347
-2.3396
-2.3455
-2.3521
-2.3593
-2.3672
-2.3756
-2.3844
-2.3936
-2.4029
-2.4125
-2.422
-2.4315
-2.4409
-2.45
-2.4589
-2.4674
-2.4756
-2.4832
-2.4903
-2.4968
-2.5026
-2.5079
-2.5124
-2.5161
-2.5191
-2.5214
-2.5228
-2.5234
-2.5232
-2.5222
-2.5204
-2.5177
-2.5142
-2.5099
-2.5047
-2.4988
-2.4922
-2.4848
-2.4767
-2.468
-2.4586
-2.4487
-2.4382
-2.4273
-2.416
-2.4043
-2.3924
-2.3802
-2.3679
-2.3556
-2.3434
-2.3312
-2.3192
-2.3075
-2.2961
-2.2851
-2.2746
-2.2645
-2.2551
-2.2462
-2.238
-2.2304
-2.2234
-2.2171
-2.2113
-2.2061
-2.2014
-2.197
-2.193
-2.1892
-2.1854
-2.1816
-2.1776
-2.1733
-2.1685
-2.1631
-2.1569
-2.1499
-2.1419
-2.1328
-2.1226
-2.1111
-2.0985
-2.0846
-2.0695
-2.0533
-2.036
-2.0178
-1.9988
-1.9792
-1.9591
-1.9388
-1.9183
-1.898
-1.878
-1.8585
-1.8397
-1.8217
-1.8047
-1.7889
-1.7743
-1.7609
-1.7489
-1.7383
-1.7291
-1.7212
-1.7147
-1.7095
-1.7054
-1.7024
-1.7004
-1.6992
-1.6988
-1.6991
-1.6997
-1.7007
-1.7019
-1.7032
-1.7044
-1.7053
-1.706
-1.7063
-1.7061
-1.7053
-1.7039
-1.7018
-1.6991
-1.6956
-1.6914
-1.6866
-1.6812
-1.6752
-1.6687
-1.6618
-1.6547
-1.6473
-1.6399
-1.6325
-1.6253
-1.6184
-1.6118
-1.6058
-1.6004
-1.5958
-1.5918
-1.5887
-1.5865
-1.5853
-1.5849
-1.5855
-1.5871
-1.5895
-1.5928
-1.5969
-1.6018
-1.6073
-1.6135
-1.6201
-1.6273
-1.6347
-1.6424
-1.6504
-1.6584
-1.6664
-1.6743
-1.6822
-1.6898
-1.6971
-1.704
-1.7106
-1.7167
-1.7224
-1.7275
-1.732
-1.7359
-1.7391
-1.7418
-1.7437
-1.7449
-1.7454
-1.7452
-1.7443
-1.7426
-1.7403
-1.7372
-1.7334
-1.7289
-1.7237
-1.7179
-1.7115
-1.7045
-1.6969
-1.6888
-1.6803
-1.6713
-1.662
-1.6524
-1.6426
-1.6327
-1.6226
-1.6126
-1.6026
-1.5927
-1.5831
-1.5737
-1.5648
-1.5562
-1.5482
-1.5408
-1.5339
-1.5277
-1.5222
-1.5174
-1.5133
-1.5099
-1.5072
-1.5051
-1.5036
-1.5027
-1.5021
-1.5019
-1.5019
-1.5019
-1.502
-1.5017
-1.5012
-1.5001
-1.4984
-1.4959
-1.4924
-1.488
-1.4824
-1.4756
-1.4675
-1.4582
-1.4477
-1.4359
-1.423
-1.409
-1.3941
-1.3784
-1.3621
-1.3453
-1.3283
-1.3113
-1.2944
-1.2779
-1.2619
-1.2467
-1.2323
-1.2189
-1.2067
-1.1957
-1.186
-1.1776
-1.1706
-1.1649
-1.1605
-1.1574
-1.1555
-1.1547
-1.1549
-1.156
-1.1579
-1.1604
-1.1633
-1.1667
-1.1702
-1.1738
-1.1773
-1.1807
-1.1837
-1.1863
-1.1883
-1.1897
-1.1904
-1.1904
-1.1896
-1.188
-1.1855
-1.1823
-1.1782
-1.1735
-1.1681
-1.1621
-1.1556
-1.1487
-1.1415
-1.1342
-1.1268
-1.1195
-1.1125
-1.1057
-1.0994
-1.0936
-1.0885
-1.084
-1.0803
-1.0775
-1.0755
-1.0744
-1.0742
-1.0749
-1.0765
-1.0788
-1.082
-1.0858
-1.0904
-1.0955
-1.1011
-1.1072
-1.1136
-1.1203
-1.1272
-1.1342
-1.1412
-1.1481
-1.155
-1.1617
-1.1681
-1.1742
-1.18
-1.1854
-1.1903
-1.1947
-1.1987
-1.202
-1.2048
-1.207
-1.2086
-1.2095
-1.2099
-1.2095
-1.2085
-1.2069
-1.2046
-1.2016
-1.1981
-1.1939
-1.1892
-1.1838
-1.178
-1.1716
-1.1648
-1.1576
-1.15
-1.142
-1.1339
-1.1255
-1.117
-1.1085
-1.0999
-1.0915
-1.0832
-1.0751
-1.0674
-1.06
-1.0532
-1.0468
-1.041
-1.0359
-1.0315
-1.0278
-1.0248
-1.0226
-1.0212
-1.0205
-1.0205
-1.0212
-1.0225
-1.0243
-1.0265
-1.0289
-1.0316
-1.0343
-1.0369
-1.0392
-1.0411
-1.0424
-1.043
-1.0427
-1.0414
-1.0391
-1.0355
-1.0307
-1.0246
-1.0173
-1.0086
-0.99874
-0.98773
-0.9757
-0.96279
-0.94914
-0.93494
-0.92037
-0.90565
-0.89095
-0.87649
-0.86247
-0.84907
-0.83644
-0.82476
-0.81412
-0.80467
-0.79645
-0.78953
-0.78395
-0.7797
-0.77675
-0.77507
-0.7746
-0.77525
-0.77692
-0.7795
-0.78288
-0.78691
-0.79146
-0.79637
-0.80152
-0.80676
-0.81194
-0.81694
-0.8216
-0.82584
-0.82952
-0.83256
-0.83487
-0.83638
-0.83705
-0.83684
-0.83573
-0.83373
-0.83085
-0.82712
-0.82262
-0.81741
-0.81157
-0.80519
-0.79839
-0.79128
-0.78397
-0.77661
-0.76931
-0.76219
-0.75538
-0.74898
-0.7431
-0.73782
-0.73322
-0.72938
-0.72632
-0.72411
-0.72275
-0.72225
-0.72259
-0.72376
-0.72572
-0.72843
-0.73183
-0.73585
-0.74044
-0.74552
-0.751
-0.75682
-0.76288
-0.76913
-0.77546
-0.78183
-0.78815
-0.79436
-0.8004
-0.8062
-0.81172
-0.81689
-0.82169
-0.82607
-0.82999
-0.83343
-0.83634
-0.83872
-0.84055
-0.84179
-0.84245
-0.84252
-0.84198
-0.84084
-0.8391
-0.83678
-0.83387
-0.83039
-0.82636
-0.82182
-0.81677
-0.81126
-0.80531
-0.79898
-0.7923
-0.78534
-0.77815
-0.77078
-0.76329
-0.75577
-0.74828
-0.74088
-0.73365
-0.72668
-0.72003
-0.71379
-0.70801
-0.70278
-0.69815
-0.69418
-0.69092
-0.68841
-0.68668
-0.68574
-0.6856
-0.68624
-0.68763
-0.68973
-0.69249
-0.69583
-0.69962
-0.70379
-0.70819
-0.71271
-0.71718
-0.72145
-0.72537
-0.72876
-0.7315
-0.73341
-0.73438
-0.73427
-0.73299
-0.73048
-0.72665
-0.72152
-0.7151
-0.70739
-0.6985
-0.68852
-0.67756
-0.66579
-0.65338
-0.6405
-0.62737
-0.61419
-0.60114
-0.58845
-0.57628
-0.56483
-0.55424
-0.54465
-0.5362
-0.52894
-0.52294
-0.51827
-0.5149
-0.51285
-0.51207
-0.5125
-0.51406
-0.51668
-0.52021
-0.52457
-0.5296
-0.53518
-0.54117
-0.54741
-0.55375
-0.56007
-0.5662
-0.57203
-0.57743
-0.58229
-0.58649
-0.58993
-0.59258
-0.59434
-0.59518
-0.59507
-0.59402
-0.59203
-0.58912
-0.58536
-0.58079
-0.5755
-0.56958
-0.56313
-0.55627
-0.5491
-0.54177
-0.53439
-0.5271
-0.52
-0.51324
-0.50688
-0.50106
-0.49587
-0.49135
-0.48758
-0.4846
-0.48243
-0.48112
-0.48063
-0.48096
-0.48208
-0.48396
-0.48656
-0.4898
-0.49364
-0.498
-0.50282
-0.50799
-0.51348
-0.51919
-0.52503
-0.53097
-0.5369
-0.54277
-0.54851
-0.55408
-0.55939
-0.56443
-0.56913
-0.57346
-0.57737
-0.58084
-0.58384
-0.58633
-0.58832
-0.58977
-0.59066
-0.591
-0.59077
-0.59
-0.58865
-0.58673
-0.58427
-0.58127
-0.57775
-0.57372
-0.56923
-0.56429
-0.55894
-0.55323
-0.54718
-0.54087
-0.53432
-0.52762
-0.52082
-0.51398
-0.50717
-0.50046
-0.49394
-0.48768
-0.48172
-0.47619
-0.47114
-0.46663
-0.46272
-0.45948
-0.45696
-0.4552
-0.45424
-0.45409
-0.45477
-0.45625
-0.45852
-0.46153
-0.46524
-0.46956
-0.47441
-0.47967
-0.48522
-0.49094
-0.49667
-0.50225
-0.50755
-0.51237
-0.51657
-0.52
-0.5225
-0.52398
-0.5243
-0.52337
-0.52116
-0.51763
-0.51276
-0.5066
-0.4992
-0.49065
-0.48109
-0.47064
-0.45948
-0.44778
-0.43575
-0.42359
-0.4115
-0.39969
-0.38834
-0.37764
-0.36776
-0.35882
-0.35096
-0.34429
-0.33887
-0.33472
-0.3319
-0.33037
-0.33012
-0.33109
-0.33321
-0.3364
-0.34053
-0.34551
-0.35119
-0.35746
-0.36414
-0.37111
-0.37821
-0.38531
-0.39224
-0.39889
-0.40511
-0.4108
-0.41584
-0.42015
-0.42362
-0.4262
-0.42784
-0.42851
-0.4282
-0.42691
-0.42465
-0.42148
-0.41745
-0.41262
-0.4071
-0.40097
-0.39436
-0.38737
-0.38012
-0.37276
-0.36541
-0.35818
-0.3512
-0.34458
-0.33842
-0.33282
-0.32786
-0.32361
-0.32011
-0.31742
-0.31552
-0.31445
-0.3142
-0.31475
-0.31606
-0.3181
-0.32079
-0.32412
-0.32798
-0.33233
-0.33708
-0.34216
-0.3475
-0.35303
-0.35866
-0.36434
-0.36999
-0.37556
-0.38098
-0.38619
-0.39115
-0.39582
-0.40014
-0.40408
-0.4076
-0.41069
-0.41332
-0.41545
-0.41707
-0.41819
-0.41877
-0.4188
-0.41829
-0.41725
-0.41566
-0.41354
-0.41091
-0.40778
-0.40417
-0.40009
-0.39558
-0.39069
-0.38541
-0.37984
-0.37401
-0.36794
-0.36173
-0.35541
-0.34905
-0.34274
-0.33653
-0.33049
-0.32471
-0.31926
-0.31421
-0.30962
-0.30558
-0.30216
-0.2994
-0.29737
-0.2961
-0.29565
-0.296
-0.2972
-0.29922
-0.30206
-0.30566
-0.30998
-0.31495
-0.32048
-0.32648
-0.33279
-0.33933
-0.34591
-0.3524
-0.35863
-0.36445
-0.36968
-0.37418
-0.37779
-0.38038
-0.38185
-0.38208
-0.38103
-0.37865
-0.37492
-0.36987
-0.36355
-0.35606
-0.34749
-0.33798
-0.3277
-0.31685
-0.30558
-0.29411
-0.28266
-0.27143
-0.2606
-0.25037
-0.24091
-0.23237
-0.22485
-0.21851
-0.21337
-0.20952
-0.20696
-0.20571
-0.20574
-0.20699
-0.20942
-0.21291
-0.21739
-0.22273
-0.22881
-0.23547
-0.2426
-0.25002
-0.25761
-0.26521
-0.27269
-0.27989
-0.28669
-0.29296
-0.29861
-0.3035
-0.30759
-0.31076
-0.313
-0.31424
-0.31449
-0.31372
-0.31196
-0.30924
-0.30564
-0.30118
-0.29598
-0.29012
-0.28372
-0.27688
-0.26973
-0.2624
-0.25502
-0.2477
-0.24058
-0.23377
-0.22737
-0.22149
-0.21621
-0.21161
-0.20774
-0.20463
-0.20233
-0.20083
-0.20016
-0.20028
-0.20116
-0.20279
-0.20509
-0.20802
-0.21153
-0.21553
-0.21997
-0.22477
-0.22985
-0.23514
-0.24058
-0.24609
-0.25159
-0.25705
-0.26237
-0.26753
-0.27246
-0.27712
-0.28148
-0.28545
-0.28906
-0.29224
-0.29498
-0.29726
-0.29905
-0.30034
-0.30112
-0.30139
-0.30112
-0.30033
-0.29902
-0.29719
-0.29486
-0.29205
-0.28875
-0.28502
-0.28087
-0.27632
-0.27142
-0.26622
-0.26075
-0.25506
-0.24923
-0.2433
-0.23732
-0.23137
-0.22554
-0.21987
-0.21445
-0.20936
-0.20465
-0.20043
-0.19674
-0.19366
-0.19125
-0.18956
-0.18863
-0.18852
-0.18923
-0.19079
-0.1932
-0.19642
-0.20044
-0.20519
-0.21062
-0.21665
-0.22315
-0.23003
-0.23716
-0.24436
-0.25152
-0.25846
-0.26501
-0.27103
-0.27633
-0.28078
-0.28424
-0.28659
-0.28773
-0.28758
-0.28609
-0.28325
-0.27907
-0.2736
-0.26692
-0.25913
-0.25036
-0.24076
-0.23053
-0.21985
-0.20891
-0.19793
-0.1871
-0.17665
-0.16675
-0.15757
-0.14926
-0.14195
-0.13578
-0.13081
-0.12709
-0.12468
-0.12357
-0.12373
-0.12513
-0.12772
-0.13139
-0.13605
-0.14159
-0.14789
-0.15481
-0.1622
-0.16994
-0.17785
-0.18579
-0.19364
-0.20122
-0.20842
-0.21512
-0.2212
-0.22654
-0.23106
-0.23469
-0.23736
-0.23903
-0.2397
-0.23932
-0.23794
-0.23557
-0.23228
-0.2281
-0.22313
-0.21748
-0.21122
-0.20449
-0.19739
-0.19007
-0.18265
-0.17525
-0.16801
-0.16101
-0.15441
-0.14828
-0.14273
-0.13781
-0.1336
-0.13014
-0.12746
-0.12558
-0.12452
-0.12426
-0.12476
-0.12601
-0.12794
-0.13052
-0.13369
-0.13738
-0.14151
-0.14602
-0.15084
-0.1559
-0.16111
-0.16642
-0.17176
-0.17706
-0.18224
-0.18729
-0.19213
-0.19672
-0.20101
-0.20496
-0.20855
-0.21173
-0.21449
-0.21679
-0.21863
-0.21997
-0.22084
-0.22118
-0.22102
-0.22034
-0.21915
-0.21747
-0.21528
-0.21262
-0.20948
-0.20591
-0.20192
-0.19757
-0.19286
-0.18782
-0.18254
-0.17704
-0.17138
-0.16564
-0.15984
-0.15407
-0.14841
-0.1429
-0.13765
-0.13271
-0.12817
-0.12409
-0.12054
-0.11761
-0.11532
-0.11378
-0.11299
-0.11302
-0.11389
-0.1156
-0.11815
-0.12156
-0.12577
-0.13075
-0.13642
-0.1427
-0.1495
-0.15671
-0.16419
-0.1718
-0.17939
-0.1868
-0.19387
-0.20042
-0.20631
-0.21137
-0.21546
-0.21847
-0.22028
-0.2208
-0.22001
-0.21785
-0.21435
-0.20954
-0.20349
-0.1963
-0.18811
-0.17905
-0.16931
-0.15907
-0.14853
-0.1379
-0.12739
-0.1172
-0.10752
-0.098516
-0.090357
-0.083193
-0.077116
-0.072235
-0.0686
-0.066256
-0.065197
-0.06543
-0.066908
-0.069571
-0.073343
-0.078127
-0.083809
-0.090269
-0.09736
-0.10497
-0.11294
-0.1211
-0.12933
-0.13747
-0.14539
-0.15294
-0.15999
-0.16644
-0.17216
-0.17708
-0.18109
-0.18416
-0.18623
-0.18726
-0.18726
-0.18623
-0.18419
-0.1812
-0.1773
-0.17259
-0.16714
-0.16106
-0.15446
-0.14746
-0.14019
-0.13277
-0.12535
-0.11803
-0.11095
-0.1042
-0.097904
-0.09214
-0.087
-0.082533
-0.078814
-0.075859
-0.073703
-0.072342
-0.071774
-0.071987
-0.07293
-0.074584
-0.076881
-0.079783
-0.083206
-0.087094
-0.09138
-0.095972
-0.10084
-0.10587
-0.111
-0.11619
-0.12135
-0.12642
-0.13135
-0.13611
-0.14061
-0.14482
-0.14872
-0.15226
-0.15539
-0.15813
-0.16042
-0.16224
-0.16359
-0.16445
-0.1648
-0.16465
-0.164
-0.16284
-0.16118
-0.15903
-0.1564
-0.15331
-0.14977
-0.14583
-0.1415
-0.13683
-0.13184
-0.12659
-0.12111
-0.11548
-0.10974
-0.10395
-0.098188
-0.092514
-0.086998
-0.081728
-0.076752
-0.072166
-0.068037
-0.064445
-0.06143
-0.059087
-0.057462
-0.056597
-0.056551
-0.057345
-0.058978
-0.061485
-0.064826
-0.069002
-0.073952
-0.079619
-0.085924
-0.092771
-0.10005
-0.10763
-0.11536
-0.12313
-0.13075
-0.13805
-0.14488
-0.15108
-0.15647
-0.16093
-0.16432
-0.16654
-0.16749
-0.16711
-0.16539
-0.16232
-0.15793
-0.15227
-0.14546
-0.13762
-0.12888
-0.11943
-0.10943
-0.09911
-0.088643
-0.078261
-0.068172
-0.058549
-0.049586
-0.041435
-0.034246
-0.028133
-0.023213
-0.019522
-0.017121
-0.016014
-0.01619
-0.017631
-0.020272
-0.024045
-0.028849
-0.034563
-0.041087
-0.048281
-0.055995
-0.064112
-0.072453
-0.080897
-0.089265
-0.09743
-0.10526
-0.11262
-0.11938
-0.12544
-0.13071
-0.13509
-0.13853
-0.14097
-0.14238
-0.14275
-0.14209
-0.14039
-0.13773
-0.13416
-0.12973
-0.12456
-0.11871
-0.11233
-0.10552
-0.098401
-0.091109
-0.083774
-0.076515
-0.069462
-0.062718
-0.056394
-0.050597
-0.045393
-0.040861
-0.037049
-0.033993
-0.03173
-0.030264
-0.029592
-0.029696
-0.030546
-0.032109
-0.034326
-0.037168
-0.040536
-0.044384
-0.048641
-0.053245
-0.058108
-0.06316
-0.068338
-0.073581
-0.078809
-0.083968
-0.089
-0.093856
-0.098485
-0.10284
-0.10688
-0.11057
-0.11388
-0.11678
-0.11925
-0.12126
-0.1228
-0.12387
-0.12443
-0.12449
-0.12405
-0.12309
-0.12165
-0.1197
-0.1173
-0.11442
-0.1111
-0.10736
-0.10324
-0.098762
-0.093964
-0.088896
-0.0836
-0.078146
-0.072563
-0.066923
-0.061303
-0.055754
-0.050352
-0.045174
-0.040293
-0.035774
-0.031708
-0.028157
-0.025186
-0.022856
-0.021245
-0.020397
-0.020341
-0.021126
-0.022754
-0.025241
-0.028589
-0.032749
-0.037705
-0.043379
-0.04971
-0.056605
-0.063944
-0.071607
-0.079466
-0.087361
-0.095137
-0.10263
-0.10966
-0.11609
-0.12175
-0.1265
-0.13018
-0.13272
-0.13398
-0.13395
-0.13255
-0.12979
-0.12571
-0.12034
-0.11379
-0.10619
-0.097649
-0.088375
-0.078517
-0.068279
-0.057893
-0.047537
-0.037428
-0.027752
-0.018713
-0.010458
-0.0031452
0.0031084
0.0081971
0.012058
0.014634
0.015917
0.0159
0.014613
0.012115
0.0084825
0.0037893
-0.0018443
-0.0083012
-0.015466
-0.023176
-0.031303
-0.03969
-0.048194
-0.056674
-0.064965
-0.072934
-0.080469
-0.087424
-0.093707
-0.099193
-0.10383
-0.10751
-0.11022
-0.1119
-0.11254
-0.11212
-0.1107
-0.10828
-0.10494
-0.10074
-0.095753
-0.090085
-0.083868
-0.077181
-0.070179
-0.062968
-0.055685
-0.048461
-0.041421
-0.034668
-0.028319
-0.022483
-0.017219
-0.012618
-0.0087204
-0.0055849
-0.0032356
-0.0016728
-0.0009073
-0.00094181
-0.0017306
-0.0032177
-0.005403
-0.0081985
-0.011543
-0.015396
-0.019671
-0.024294
-0.029195
-0.034317
-0.039579
-0.044915
-0.050257
-0.055543
-0.060723
-0.065733
-0.070536
-0.07507
-0.079323
-0.083214
-0.086747
-0.08988
-0.092596
-0.094856
-0.096649
-0.097977
-0.098805
-0.099145
-0.098989
-0.098322
-0.097165
-0.095525
-0.093414
-0.090824
-0.087813
-0.084363
-0.080539
-0.076351
-0.071844
-0.067063
-0.062053
-0.056858
-0.051542
-0.046163
-0.040789
-0.03547
-0.030294
-0.025338
-0.020656
-0.016325
-0.01244
-0.0090473
-0.0062347
-0.0040634
-0.0025839
-0.0018658
-0.0019214
-0.0028166
-0.004558
-0.0071551
-0.010603
-0.014885
-0.019951
-0.025761
-0.032235
-0.039274
-0.046789
-0.054631
-0.062706
-0.070831
-0.078862
-0.086632
-0.093975
-0.10073
-0.10674
-0.11185
-0.11591
-0.11883
-0.1205
-0.12085
-0.11985
-0.11748
-0.11377
-0.10877
-0.10255
-0.095251
-0.086995
-0.077944
-0.068288
-0.058216
-0.04795
-0.037661
-0.027589
-0.01792
-0.0088513
-0.00051999
0.0068842
0.013246
0.018472
0.022477
0.025205
0.026638
0.026789
0.025659
0.023312
0.019808
0.015242
0.0097157
0.0033405
-0.0037568
-0.011418
-0.019514
-0.0279
-0.036433
-0.044948
-0.053306
-0.061368
-0.06901
-0.076094
-0.082497
-0.088142
-0.092938
-0.09679
-0.09966
-0.1015
-0.10231
-0.10207
-0.10081
-0.098539
-0.095325
-0.091234
-0.086346
-0.080759
-0.074587
-0.067926
-0.06093
-0.05369
-0.046364
-0.039071
-0.031919
-0.025047
-0.018553
-0.012543
-0.0071015
-0.0022945
0.0017957
0.0051453
0.0077135
0.0094901
0.010477
0.010676
0.010112
0.0088133
0.0068399
0.0042451
0.0010759
-0.0026079
-0.0067237
-0.011197
-0.015985
-0.020988
-0.026145
-0.031384
-0.03665
-0.041886
-0.047006
-0.051989
-0.056758
-0.061285
-0.06552
-0.069427
-0.072979
-0.076129
-0.078875
-0.081177
-0.083026
-0.0844
-0.085295
-0.085699
-0.085604
-0.085034
-0.083953
-0.082395
-0.080361
-0.077877
-0.074946
-0.071601
-0.06786
-0.063772
-0.059356
-0.054662
-0.049734
-0.044621
-0.03939
-0.034083
-0.028766
-0.023512
-0.018393
-0.013469
-0.0088298
-0.0045308
-0.00066154
0.0027109
0.0055215
0.0076973
0.0091826
0.009924
0.00987
0.0089891
0.007264
0.0046825
0.0012258
-0.0030475
-0.0081399
-0.013971
-0.020486
-0.027595
-0.035188
-0.043163
-0.051362
-0.059648
-0.067879
-0.075863
-0.083459
-0.090492
-0.096805
-0.10224
-0.10666
-0.10994
-0.11199
-0.11274
-0.11213
-0.11016
-0.10683
-0.10219
-0.096328
-0.089339
-0.081378
-0.072593
-0.063168
-0.053278
-0.04315
-0.032995
-0.022994
-0.013364
-0.0042873
0.0040543
0.011509
0.017957
0.023281
0.027395
0.030251
0.031811
0.03208
0.031083
0.028859
0.025459
0.021
0.01556
0.0092561
0.0022232
-0.0054188
-0.013512
-0.021901
-0.030453
-0.039015
-0.047441
-0.055601
-0.063336
-0.070537
-0.077087
-0.082869
-0.087809
-0.091827
-0.094869
-0.096877
-0.097848
-0.09777
-0.096637
-0.094505
-0.091412
-0.087421
-0.082616
-0.077092
-0.070952
-0.064311
-0.057293
-0.050023
-0.042628
-0.035229
-0.027969
-0.020955
-0.014308
-0.0081156
-0.002457
0.0025484
0.0068847
0.010462
0.01328
0.015309
0.016542
0.016991
0.016671
0.015633
0.013902
0.011535
0.0085747
0.0051212
0.001209
-0.0030733
-0.0076702
-0.012497
-0.017496
-0.02259
-0.02772
-0.032812
-0.037811
-0.042683
-0.047345
-0.051778
-0.055933
-0.059751
-0.063225
-0.066309
-0.068984
-0.071237
-0.073024
-0.074351
-0.075202
-0.075558
-0.075433
-0.074812
-0.073706
-0.072113
-0.070048
-0.067522
-0.064553
-0.061174
-0.057408
-0.053279
-0.048816
-0.044086
-0.039106
-0.033939
-0.028634
-0.023263
-0.017881
-0.012541
-0.0073332
-0.0023096
0.0024346
0.0068483
0.01084
0.014345
0.017286
0.019608
0.021242
0.022129
0.022233
0.021519
0.019926
0.01749
0.014191
0.01004
0.0050817
-0.00064522
-0.007071
-0.014107
-0.021661
-0.029596
-0.037799
-0.046128
-0.054414
-0.06249
-0.070219
-0.077409
-0.083894
-0.089543
-0.094201
-0.097746
-0.10007
-0.10109
-0.10079
-0.099105
-0.096061
-0.091709
-0.086111
-0.079381
-0.071637
-0.063047
-0.053785
-0.044043
-0.034017
-0.023909
-0.013944
-0.0043168
0.0047909
0.013201
0.020736
0.027297
0.032739
0.036994
0.03999
0.041703
0.042132
0.041285
0.039195
0.035939
0.031586
0.026253
0.020037
0.013065
0.0054714
-0.0025959
-0.01098
-0.019569
-0.028158
-0.036654
-0.044889
-0.052731
-0.06004
-0.066727
-0.072664
-0.077768
-0.081945
-0.085151
-0.087339
-0.088476
-0.088563
-0.087603
-0.085629
-0.082677
-0.078811
-0.074131
-0.068698
-0.062623
-0.056031
-0.049041
-0.041767
-0.034355
-0.026916
-0.01959
-0.012493
-0.0057298
0.00057922
0.0063637
0.011526
0.016017
0.019779
0.02277
0.024975
0.026389
0.027011
0.026877
0.02601
0.024431
0.022217
0.019415
0.016088
0.012301
0.0081344
0.0036369
-0.0011058
-0.0060265
-0.011045
-0.016121
-0.021167
-0.026124
-0.030961
-0.035608
-0.040025
-0.044163
-0.047991
-0.051459
-0.054545
-0.057233
-0.059489
-0.061302
-0.062651
-0.063517
-0.063898
-0.063797
-0.063188
-0.062112
-0.060539
-0.058489
-0.055983
-0.053037
-0.049659
-0.04589
-0.04176
-0.037299
-0.032546
-0.027568
-0.022377
-0.017037
-0.011625
-0.0061785
-0.00078055
0.0044969
0.0096018
0.01444
0.018949
0.02306
0.026693
0.029771
0.032225
0.034013
0.035068
0.035335
0.034773
0.033367
0.031102
0.027964
0.023971
0.019159
0.01358
0.0072824
0.00036196
-0.0070953
-0.014964
-0.023118
-0.031415
-0.039707
-0.047817
-0.055602
-0.062864
-0.069483
-0.075266
-0.080085
-0.083809
-0.086329
-0.087569
-0.087479
-0.086009
-0.08318
-0.079039
-0.073637
-0.067088
-0.059505
-0.05105
-0.041898
-0.032225
-0.022254
-0.012159
-0.0021852
0.0075006
0.016672
0.025172
0.032837
0.039528
0.045115
0.04954
0.052699
0.054597
0.055169
0.054471
0.052546
0.049421
0.045199
0.039966
0.033826
0.026921
0.019368
0.011318
0.0029162
-0.0056894
-0.01435
-0.022931
-0.031257
-0.039224
-0.046678
-0.053528
-0.059643
-0.064928
-0.069311
-0.072732
-0.075139
-0.076492
-0.076795
-0.076055
-0.074287
-0.071529
-0.067858
-0.06334
-0.058065
-0.052131
-0.045657
-0.03876
-0.031569
-0.024212
-0.016799
-0.0094806
-0.0023859
0.004409
0.010768
0.016606
0.021838
0.026408
0.030259
0.033336
0.035643
0.037153
0.037875
0.037813
0.037031
0.035531
0.033391
0.030645
0.027365
0.023612
0.019458
0.014987
0.010249
0.005327
0.00027625
-0.0048227
-0.0099043
-0.01492
-0.019815
-0.02452
-0.029005
-0.033219
-0.03713
-0.040694
-0.043883
-0.046668
-0.049025
-0.050932
-0.05238
-0.053352
-0.053848
-0.053838
-0.053354
-0.052369
-0.0509
-0.04895
-0.04654
-0.043675
-0.0404
-0.036717
-0.032663
-0.028272
-0.023587
-0.018648
-0.013505
-0.0082125
-0.0028227
0.0026053
0.0079891
0.013278
0.018403
0.023275
0.027828
0.031988
0.035698
0.038852
0.041396
0.043284
0.044447
0.044826
0.044383
0.043109
0.040968
0.037962
0.0341
0.029418
0.023942
0.017754
0.010913
0.0035369
-0.0042824
-0.012398
-0.020679
-0.028981
-0.037132
-0.044975
-0.052325
-0.059044
-0.064963
-0.069932
-0.073828
-0.076536
-0.077972
-0.078072
-0.076816
-0.074189
-0.070236
-0.065019
-0.058629
-0.051201
-0.042858
-0.033796
-0.024197
-0.014242
-0.0041642
0.0058473
0.015573
0.024836
0.033449
0.041242
0.048071
0.053832
0.058403
0.061749
0.063811
0.064566
0.064053
0.062261
0.059295
0.055197
0.050076
0.044027
0.03719
0.029685
0.021661
0.013244
0.0046003
-0.00411
-0.012761
-0.021202
-0.029286
-0.036903
-0.043906
-0.050207
-0.055691
-0.060288
-0.06393
-0.066559
-0.068153
-0.068689
-0.068172
-0.066624
-0.064096
-0.060636
-0.056307
-0.051218
-0.045444
-0.039117
-0.032345
-0.025263
-0.017982
-0.010645
-0.0033667
0.0037058
0.010488
0.01685
0.02272
0.027985
0.032606
0.036503
0.039656
0.042011
0.043588
0.044369
0.044384
0.04365
0.0422
0.040105
0.037384
0.034123
0.030398
0.026246
0.021761
0.017003
0.012056
0.0069556
0.0018122
-0.0033306
-0.0084234
-0.013392
-0.018196
-0.022776
-0.027096
-0.031105
-0.03478
-0.038077
-0.04098
-0.043467
-0.045507
-0.047077
-0.048182
-0.048806
-0.048938
-0.048582
-0.047721
-0.046381
-0.044565
-0.042289
-0.039553
-0.036391
-0.03281
-0.028874
-0.024579
-0.01999
-0.01515
-0.010066
-0.0048548
0.00048428
0.0058515
0.011197
0.016471
0.021575
0.026436
0.031006
0.035187
0.038912
0.042121
0.044736
0.046682
0.047924
0.048379
0.048036
0.046856
0.044813
0.041912
0.038145
0.033539
0.028163
0.022056
0.015291
0.0079521
0.00017117
-0.0079348
-0.016226
-0.02455
-0.032751
-0.04068
-0.048146
-0.054977
-0.061053
-0.066189
-0.070267
-0.073178
-0.074832
-0.075145
-0.074101
-0.071704
-0.067957
-0.062929
-0.056724
-0.049437
-0.041234
-0.032274
-0.022743
-0.012835
-0.0027568
0.0072658
0.017058
0.026398
0.035116
0.043048
0.05004
0.055955
0.060723
0.064253
0.066503
0.067458
0.067121
0.065525
0.062711
0.058773
0.053797
0.047874
0.041125
0.033699
0.02572
0.017345
0.0087049
-2.8837e-05
-0.0087288
-0.017225
-0.025399
-0.033129
-0.040262
-0.046694
-0.052347
-0.057115
-0.06094
-0.063762
-0.065536
-0.066273
-0.065955
-0.064596
-0.062252
-0.058957
-0.054796
-0.049851
-0.044209
-0.037994
-0.03131
-0.02431
-0.017082
-0.009784
-0.0025218
0.0045634
0.011364
0.017764
0.023691
0.029023
0.033716
0.037695
0.040937
0.043395
0.045063
0.045935
0.046043
0.045392
0.044033
0.041996
0.039352
0.036152
0.032462
0.028353
0.023894
0.019154
0.014197
0.0091095
0.0039466
-0.0012258
-0.0063474
-0.011367
-0.016215
-0.020849
-0.025236
-0.029313
-0.03307
-0.036448
-0.039449
-0.042013
-0.04414
-0.045811
-0.047014
-0.047728
-0.047964
-0.047702
-0.046954
-0.045715
-0.043988
-0.041798
-0.039166
-0.036084
-0.032602
-0.028744
-0.024536
-0.020012
-0.015231
-0.010217
-0.0050422
0.0002461
0.0055937
0.010923
0.016175
0.021288
0.026169
0.030764
0.034981
0.038755
0.04203
0.044701
0.046722
0.04806
0.048616
0.048383
0.047304
0.045377
0.042575
0.038923
0.034422
0.029139
0.023111
0.016409
0.0091338
0.0013941
-0.006688
-0.014993
-0.023341
-0.0316
-0.039593
-0.047157
-0.054127
-0.060335
-0.065646
-0.069918
-0.073032
-0.074906
-0.075441
-0.074627
-0.072451
-0.068924
-0.064099
-0.058071
-0.050955
-0.042905
-0.03406
-0.024598
-0.014741
-0.004694
0.0053632
0.015197
0.024611
0.033451
0.041511
0.048638
0.054743
0.059695
0.063422
0.065879
0.067036
0.066896
0.065503
0.062878
0.05911
0.054284
0.048501
0.041877
0.034559
0.026653
0.018333
0.0097345
0.0010026
-0.0076965
-0.016239
-0.024481
-0.03227
-0.039505
-0.046062
-0.051838
-0.056734
-0.060714
-0.063684
-0.065626
-0.066518
-0.066355
-0.065165
-0.062964
-0.059801
-0.055777
-0.05094
-0.045396
-0.039264
-0.032643
-0.025677
-0.01847
-0.011164
-0.0039003
0.0032202
0.010078
0.016559
0.022549
0.027992
0.032791
0.036893
0.040252
0.04284
0.044633
0.045634
0.045871
0.045336
0.044087
0.042166
0.039623
0.036514
0.032905
0.028857
0.024458
0.019765
0.014853
0.0097854
0.0046358
-0.00053077
-0.0056454
-0.010668
-0.015544
-0.020208
-0.024616
-0.028741
-0.032529
-0.035971
-0.039006
-0.041636
-0.043825
-0.045561
-0.04682
-0.047605
-0.04791
-0.04772
-0.047035
-0.045861
-0.044212
-0.04208
-0.039512
-0.036492
-0.033064
-0.029254
-0.025093
-0.020614
-0.015868
-0.010877
-0.0057281
-0.00044313
0.0048973
0.010242
0.01551
0.020644
0.025572
0.030208
0.034493
0.038351
0.041694
0.044465
0.046607
0.048038
0.048731
0.048618
0.047657
0.045857
0.04319
0.039669
0.035299
0.03013
0.0242
0.017604
0.010413
0.0027247
-0.0053235
-0.013594
-0.021962
-0.03025
-0.038307
-0.045947
-0.053031
-0.059379
-0.064848
-0.069294
-0.072598
-0.074673
-0.075432
-0.074828
-0.072866
-0.069551
-0.064933
-0.059096
-0.052145
-0.044231
-0.035494
-0.026122
-0.016318
-0.0062848
0.003781
0.013655
0.02316
0.032088
0.040278
0.047575
0.053845
0.05898
0.062899
0.065562
0.066925
0.066999
0.065801
0.063361
0.059773
0.05511
0.049481
0.042983
0.035762
0.027966
0.019702
0.011147
0.0024412
-0.0062728
-0.014845
-0.023124
-0.03099
-0.038296
-0.044961
-0.050852
-0.055881
-0.05999
-0.063107
-0.065205
-0.066245
-0.066238
-0.065195
-0.063135
-0.060112
-0.056199
-0.05147
-0.046019
-0.039956
-0.033398
-0.026465
-0.019282
-0.011968
-0.0046724
0.0024963
0.0094139
0.01597
0.02205
0.027591
0.032506
0.036726
0.040217
0.042939
0.044857
0.045998
0.04636
0.045957
0.044836
0.043019
0.040581
0.037562
0.034037
0.030067
0.025717
0.021083
0.016206
0.011168
0.0060366
0.00087972
-0.004242
-0.0092793
-0.014163
-0.018841
-0.023296
-0.027448
-0.031295
-0.034778
-0.037874
-0.040555
-0.042804
-0.044603
-0.045938
-0.046784
-0.047152
-0.047034
-0.046417
-0.045305
-0.043724
-0.041659
-0.039155
-0.036199
-0.032828
-0.029075
-0.024948
-0.020515
-0.015794
-0.010843
-0.0056998
-0.00043356
0.0049109
0.01025
0.015547
0.020721
0.025679
0.030379
0.034726
0.038651
0.042088
0.044953
0.047197
0.04875
0.049558
0.049576
0.048755
0.047081
0.044555
0.041168
0.036934
0.031877
0.026072
0.019569
0.012459
0.0048351
-0.0031574
-0.011403
-0.019772
-0.028081
-0.036169
-0.043895
-0.051076
-0.057545
-0.063162
-0.067784
-0.071267
-0.073542
-0.0745
-0.074111
-0.07236
-0.069262
-0.064833
-0.059185
-0.052402
-0.044621
-0.03599
-0.026714
-0.016966
-0.0069491
0.0031173
0.013049
0.022618
0.031641
0.039962
0.047399
0.053835
0.059159
0.063281
0.06614
0.067703
0.067974
0.066969
0.064727
0.061321
0.056817
0.051324
0.044965
0.037857
0.03013
0.021933
0.013421
0.004719
-0.0039939
-0.012588
-0.020918
-0.028847
-0.036251
-0.04301
-0.049017
-0.054193
-0.058442
-0.061722
-0.063967
-0.065168
-0.065312
-0.064421
-0.062511
-0.059625
-0.05584
-0.051218
-0.045883
-0.039896
-0.033404
-0.026508
-0.019351
-0.012054
-0.0047391
0.0024598
0.0094326
0.016053
0.022225
0.027851
0.03288
0.037219
0.040822
0.043665
0.045716
0.046986
0.047463
0.047183
0.046166
0.044463
0.042117
0.039187
0.035736
0.031835
0.027548
0.02296
0.018108
0.01309
0.0079728
0.00282
-0.0023124
-0.007362
-0.012273
-0.01699
-0.021487
-0.025689
-0.029571
-0.033113
-0.036276
-0.039027
-0.041344
-0.043205
